[gd_scene load_steps=10 format=2]

[ext_resource path="res://scenes/Player.tscn" type="PackedScene" id=1]
[ext_resource path="res://scenes/Camera.tscn" type="PackedScene" id=2]
[ext_resource path="res://default_env.tres" type="Environment" id=3]
[ext_resource path="res://scenes/Stage.tscn" type="PackedScene" id=4]
[ext_resource path="res://scenes/PlayerPH.tscn" type="PackedScene" id=5]
[ext_resource path="res://scenes/Spotlight_unten.tscn" type="PackedScene" id=6]
[ext_resource path="res://scenes/Spotlight_oben.tscn" type="PackedScene" id=7]
[ext_resource path="res://scenes/Strobolight.tscn" type="PackedScene" id=8]

[sub_resource type="Animation" id=1]

resource_name = "spot"
length = 1.0
loop = true
step = 0.1

[node name="Main" type="Spatial"]

[node name="Player" parent="." instance=ExtResource( 1 )]

transform = Transform( 1, 0, 0, 0, 1, 0, 0, 0, 1, 0, 5.82008, 0 )

[node name="Camera" parent="." instance=ExtResource( 2 )]

transform = Transform( 1, 0, 0, 0, 0.898998, 0.437953, 0, -0.437953, 0.898998, 0, 5.15782, 22.7131 )
environment = ExtResource( 3 )
_sections_unfolded = [ "Transform", "doppler" ]

[node name="Stage" parent="." instance=ExtResource( 4 )]

[node name="Scene Root" parent="." instance=ExtResource( 5 )]

transform = Transform( 1, 0, 0, 0, 1, 0, 0, 0, 1, 0, 0.944996, 0 )

[node name="AnimationPlayer" type="AnimationPlayer" parent="."]

playback_process_mode = 1
playback_default_blend_time = 0.0
root_node = NodePath("..")
anims/spot = SubResource( 1 )
playback/active = true
playback/speed = 1.0
blend_times = [  ]
autoplay = "spot"

[node name="Spotlight_unten" parent="." instance=ExtResource( 6 )]

transform = Transform( 0.272729, 0, 0.292608, 0, 0.4, 0, -0.292608, 0, 0.272729, -10.4049, -3.633, 1.8137 )
light_color = Color( 1, 0.984375, 0, 1 )

[node name="Spotlight_unten2" parent="." instance=ExtResource( 6 )]

transform = Transform( -0.393675, 0, -0.0708514, 0, 0.4, 0, 0.0708514, 0, -0.393675, 8.71826, -3.67358, 0 )
light_color = Color( 0.96875, 1, 0, 1 )

[node name="Spotlight_oben" parent="." instance=ExtResource( 7 )]

transform = Transform( 0.548785, 0, -0.835963, 0, 1, 0, 0.835963, 0, 0.548785, 6.28379, 2.36976, -5.15762 )
light_color = Color( 1, 0.515625, 0, 1 )

[node name="Spotlight_oben2" parent="." instance=ExtResource( 7 )]

transform = Transform( -0.120564, 0, -0.992706, 0, 1, 0, 0.992706, 0, -0.120564, -3.52159, 2.45415, -4.42855 )
light_color = Color( 1, 0.421875, 0, 1 )

[node name="OmniLight" parent="." instance=ExtResource( 8 )]

light_cull_mask = -1


