[gd_scene load_steps=18 format=2]

[ext_resource path="res://scenes/Player.tscn" type="PackedScene" id=1]
[ext_resource path="res://scenes/Camera.tscn" type="PackedScene" id=2]
[ext_resource path="res://scenes/Stage.tscn" type="PackedScene" id=3]
[ext_resource path="res://scenes/PlayerPH.tscn" type="PackedScene" id=4]
[ext_resource path="res://scenes/Spotlight_unten.tscn" type="PackedScene" id=5]
[ext_resource path="res://scenes/Strobolight.tscn" type="PackedScene" id=6]
[ext_resource path="res://scenes/Amp.tscn" type="PackedScene" id=7]
[ext_resource path="res://scenes/Drummer.tscn" type="PackedScene" id=8]
[ext_resource path="res://scenes/Floor.tscn" type="PackedScene" id=9]
[ext_resource path="res://scenes/Spotlight_oben.tscn" type="PackedScene" id=10]
[ext_resource path="res://scenes/Singer.tscn" type="PackedScene" id=11]
[ext_resource path="res://scenes/Crowd.tscn" type="PackedScene" id=12]
[ext_resource path="res://scenes/Guitarist.tscn" type="PackedScene" id=13]
[ext_resource path="res://scenes/Generator.tscn" type="PackedScene" id=14]
[ext_resource path="res://scenes/Overlay.tscn" type="PackedScene" id=15]
[ext_resource path="res://scenes/Bassist.tscn" type="PackedScene" id=16]

[sub_resource type="Animation" id=1]

resource_name = "spot"
length = 1.0
loop = true
step = 0.1

[node name="Main" type="Spatial"]

[node name="Player" parent="." instance=ExtResource( 1 )]

transform = Transform( 1, 0, 0, 0, 1, 0, 0, 0, 1, -12.32, -4.74003, 4.84741 )

[node name="Camera" parent="." instance=ExtResource( 2 )]

transform = Transform( 1, 0, 0, 0, 0.719086, 0.694922, 0, -0.694922, 0.719086, 0, 11.675, 20.3022 )

[node name="Stage" parent="." instance=ExtResource( 3 )]

transform = Transform( 3, 0, 0, 0, 3, 0, 0, 0, 3, 0, -1.53958, 0 )

[node name="Scene Root" parent="." instance=ExtResource( 4 )]

transform = Transform( 1, 0, 0, 0, 1, 0, 0, 0, 1, 0, 0.944996, 0 )

[node name="AnimationPlayer" type="AnimationPlayer" parent="."]

playback_process_mode = 1
playback_default_blend_time = 0.0
root_node = NodePath("..")
anims/spot = SubResource( 1 )
playback/active = true
playback/speed = 1.0
blend_times = [  ]
autoplay = "spot"

[node name="Spotlight_unten" parent="." instance=ExtResource( 5 )]

transform = Transform( 0.399994, 0, 0.0023566, 0, 0.4, 0, -0.0023566, 0, 0.399994, -10.4049, -5.17476, 1.8137 )
light_color = Color( 0.894531, 0.8051, 0.0768738, 1 )

[node name="Spotlight_unten2" parent="." instance=ExtResource( 5 )]

transform = Transform( -0.393675, 0, -0.0708514, 0, 0.4, 0, 0.0708514, 0, -0.393675, 9.60838, -5.21534, 0 )
light_color = Color( 1, 0.796875, 0, 1 )

[node name="Strobo" parent="." instance=ExtResource( 6 )]

transform = Transform( 1, 0, 0, 0, 1, 0, 0, 0, 1, 0, -1.54176, 0 )
light_cull_mask = -1

[node name="Amp" parent="." instance=ExtResource( 7 )]

transform = Transform( -2.84738, 0, -0.944683, 0, 3, 0, 0.944683, 0, -2.84738, -7.64506, -4.29511, -3.03407 )
_sections_unfolded = [ "Transform" ]

[node name="Amp6" parent="." instance=ExtResource( 7 )]

transform = Transform( -2.62582, 0, 1.45088, 0, 3, 0, -1.45088, 0, -2.62582, 6.77496, -4.29511, -3.4925 )
_sections_unfolded = [ "Transform" ]

[node name="Amp2" parent="." instance=ExtResource( 7 )]

transform = Transform( -2.77417, 0, -1.14193, 0, 3, 0, 1.14193, 0, -2.77417, -5.46158, -4.29511, -3.89721 )
_sections_unfolded = [ "Transform" ]

[node name="Amp7" parent="." instance=ExtResource( 7 )]

transform = Transform( -2.47443, 0, 1.69624, 0, 3, 0, -1.69624, 0, -2.47443, 8.89045, -4.29511, -2.3223 )
_sections_unfolded = [ "Transform" ]

[node name="Amp3" parent="." instance=ExtResource( 7 )]

transform = Transform( -2.72347, 0, -1.25804, 0, 3, 0, 1.25804, 0, -2.72347, -3.3394, -4.29511, -4.74924 )
_sections_unfolded = [ "Transform" ]

[node name="Amp4" parent="." instance=ExtResource( 7 )]

transform = Transform( -2.90433, 0, -0.751577, 0, 3, 0, 0.751577, 0, -2.90433, -4.42239, -2.19653, -4.40048 )
_sections_unfolded = [ "Transform" ]

[node name="Amp8" parent="." instance=ExtResource( 7 )]

transform = Transform( -2.56379, 0, 1.55787, 0, 3, 0, -1.55787, 0, -2.56379, 7.99757, -2.19653, -2.94119 )
_sections_unfolded = [ "Transform" ]

[node name="Amp5" parent="." instance=ExtResource( 7 )]

transform = Transform( -2.71162, 0, -1.2834, 0, 3, 0, 1.2834, 0, -2.71162, -6.67562, -2.19653, -3.49366 )
_sections_unfolded = [ "Transform" ]

[node name="Drummer" parent="." instance=ExtResource( 8 )]

transform = Transform( 1.03379, 0, 0.94407, 0, 1.4, 0, -0.94407, 0, 1.03379, -5.95118, -4.97953, -0.956519 )
_sections_unfolded = [ "Transform" ]

[node name="Floor" parent="." instance=ExtResource( 9 )]

transform = Transform( 1, 0, 0, 0, 1, 0, 0, 0, 1, 0, -6.29647, 5.36499 )
_sections_unfolded = [ "Transform" ]

[node name="Spotlight_oben" parent="." instance=ExtResource( 10 )]

transform = Transform( 0.303851, 0, -0.95272, 0, 1, 0, 0.95272, 0, 0.303851, 4.12427, 1.59354, -4.49485 )
light_color = Color( 1, 0.351562, 0, 1 )

[node name="Spotlight_oben3" parent="." instance=ExtResource( 10 )]

transform = Transform( 0.476999, 0, 0.878904, 0, 1, 0, -0.878904, 0, 0.476999, 0.280115, 1.59354, 4.68052 )
light_color = Color( 0.171875, 1, 0, 1 )
index = 2

[node name="Spotlight_oben2" parent="." instance=ExtResource( 10 )]

transform = Transform( -0.368446, 0, -0.929649, 0, 1, 0, 0.929649, 0, -0.368446, -1.22387, 1.59354, -4.49485 )
light_color = Color( 0.945312, 0, 1, 1 )
index = 1

[node name="Singer" parent="." instance=ExtResource( 11 )]

transform = Transform( -0.627153, 0, 0.778896, 0, 1, 0, -0.778896, 0, -0.627153, 7.22079, -5.03078, 2.08657 )

[node name="DirectionalLight" type="DirectionalLight" parent="."]

transform = Transform( 0.948586, 0, -0.31652, 0.274411, 0.498372, 0.822389, 0.157745, -0.866963, 0.472749, 0, 0, 0 )
layers = 1
light_color = Color( 0.796875, 0.814331, 1, 1 )
light_energy = 0.25
light_negative = false
light_specular = 0.5
light_cull_mask = -1
shadow_enabled = true
shadow_color = Color( 0, 0, 0, 1 )
shadow_bias = 0.1
shadow_contact = 0.0
shadow_reverse_cull_face = false
editor_only = false
directional_shadow_mode = 2
directional_shadow_split_1 = 0.1
directional_shadow_split_2 = 0.2
directional_shadow_split_3 = 0.5
directional_shadow_blend_splits = false
directional_shadow_normal_bias = 0.8
directional_shadow_bias_split_scale = 0.25
directional_shadow_depth_range = 0
directional_shadow_max_distance = 200.0
_sections_unfolded = [ "Directional Shadow", "Light", "Shadow" ]

[node name="Crowd" parent="." instance=ExtResource( 12 )]

transform = Transform( -1, 0, -8.74228e-08, 0, 1, 0, 8.74228e-08, 0, -1, -2.96097, -6.07362, 10.0697 )
_sections_unfolded = [ "Transform" ]

[node name="Guitarist" parent="." instance=ExtResource( 13 )]

transform = Transform( 0.98118, 0, 0.193098, 0, 1, 0, -0.193098, 0, 0.98118, -1.04376, -4.99713, 1.01733 )

[node name="Generator" parent="." instance=ExtResource( 14 )]

transform = Transform( -0.946085, 0, -0.323917, 0, 1, 0, 0.323917, 0, -0.946085, 12.5757, -6.33812, 8.59857 )

[node name="Overlay" parent="." instance=ExtResource( 15 )]

[node name="Amp9" parent="." instance=ExtResource( 7 )]

transform = Transform( 3.47652, 0, -0.404767, 0, 3.5, 0, 0.404767, 0, 3.47652, 1.91927, -4.19911, -4.68037 )
_sections_unfolded = [ "Transform" ]

[node name="Bassist" parent="." instance=ExtResource( 16 )]

transform = Transform( 0.946714, 0, -0.322077, 0, 1, 0, 0.322077, 0, 0.946714, 3.18257, -4.95151, 0 )


[editable path="Floor"]
